x: -1.44502e-05
y: -0.000381373
result: 2.88967e-05
time elapsed: 0h:0m:0s:49ms:879us
